Serial number:	"0096K23R"
Sensor Model:	"EM-USB J-50MB-YAG-1528"
Mode:	Energy
Wavelength:	 1064 nm
Attenuation Factor:	Off
Collection Mode:	Streaming every pulse
Date/Time:	09-02-2024	14:06:20
Sample #	Measurement
1 	 3.32600e-01
2 	 3.32600e-01
3 	 3.32400e-01
4 	 3.31700e-01
5 	 3.33200e-01
6 	 3.32400e-01
7 	 3.33000e-01
8 	 3.33400e-01
9 	 3.33800e-01
10 	 3.33400e-01
11 	 3.34000e-01
12 	 3.35500e-01
13 	 3.36400e-01
14 	 3.36200e-01
15 	 3.38300e-01
16 	 3.37000e-01
17 	 3.37000e-01
18 	 3.37600e-01
19 	 3.38100e-01
20 	 3.38500e-01
21 	 3.37400e-01
22 	 3.38900e-01
23 	 3.40400e-01
24 	 3.41700e-01
25 	 3.42100e-01
26 	 3.40400e-01
27 	 3.41500e-01
28 	 3.41000e-01
29 	 3.42100e-01
30 	 3.41700e-01
31 	 3.41500e-01
32 	 3.43400e-01
33 	 3.43600e-01
34 	 3.44800e-01
35 	 3.45700e-01
36 	 3.44600e-01
37 	 3.45000e-01
38 	 3.45300e-01
39 	 3.45700e-01
40 	 3.46100e-01
41 	 3.45300e-01
42 	 3.47000e-01
43 	 3.48000e-01
44 	 3.49300e-01
45 	 3.49900e-01
46 	 3.48600e-01
47 	 3.48900e-01
48 	 3.48400e-01
49 	 3.49300e-01
50 	 3.49700e-01
51 	 3.49100e-01
52 	 3.56900e-01
53 	 3.57900e-01
54 	 3.58600e-01
55 	 3.59400e-01
56 	 3.57700e-01
57 	 3.58600e-01
58 	 3.58200e-01
59 	 3.58800e-01
60 	 3.59200e-01
61 	 3.58200e-01
62 	 3.71300e-01
63 	 3.72300e-01
64 	 3.73800e-01
65 	 3.74400e-01
66 	 3.74200e-01
67 	 3.73800e-01
68 	 3.74000e-01
69 	 3.74400e-01
70 	 3.74700e-01
71 	 3.73800e-01
72 	 3.93900e-01
73 	 3.95000e-01
74 	 3.96200e-01
75 	 3.97700e-01
76 	 3.95800e-01
77 	 3.95600e-01
78 	 3.95600e-01
79 	 3.96200e-01
80 	 3.97700e-01
81 	 3.96000e-01
82 	 4.13800e-01
83 	 4.14600e-01
84 	 4.17400e-01
85 	 4.17000e-01
86 	 4.15700e-01
87 	 4.16300e-01
88 	 4.16300e-01
89 	 4.18000e-01
90 	 4.18200e-01
91 	 4.17400e-01
92 	 4.34500e-01
93 	 4.35400e-01
94 	 4.37100e-01
95 	 4.38100e-01
96 	 4.37300e-01
97 	 4.37300e-01
98 	 4.37500e-01
99 	 4.38500e-01
100 	 4.39200e-01
101 	 4.37900e-01
102 	 4.55300e-01
103 	 4.57400e-01
104 	 4.59500e-01
105 	 4.59100e-01
106 	 4.59100e-01
107 	 4.59900e-01
108 	 4.57800e-01
109 	 4.59900e-01
110 	 4.59500e-01
111 	 4.59500e-01
112 	 4.74900e-01
113 	 4.76400e-01
114 	 4.78900e-01
115 	 4.78900e-01
116 	 4.77200e-01
117 	 4.78100e-01
118 	 4.77900e-01
119 	 4.79200e-01
120 	 4.79400e-01
121 	 4.78100e-01
122 	 4.92700e-01
123 	 4.93700e-01
124 	 4.94600e-01
125 	 4.96300e-01
126 	 4.94400e-01
127 	 4.95000e-01
128 	 4.95400e-01
129 	 4.94600e-01
130 	 4.95900e-01
131 	 4.94400e-01
132 	 5.10200e-01
133 	 5.11100e-01
134 	 5.13400e-01
135 	 5.13400e-01
136 	 5.13000e-01
137 	 5.14100e-01
138 	 5.12600e-01
139 	 5.13600e-01
140 	 5.14500e-01
141 	 5.12200e-01
142 	 5.13800e-01
143 	 5.28000e-01
144 	 5.29700e-01
145 	 5.31000e-01
146 	 5.29900e-01
147 	 5.30100e-01
148 	 5.31600e-01
149 	 5.30600e-01
150 	 5.31400e-01
151 	 5.30800e-01
152 	 5.31000e-01
153 	 5.47300e-01
154 	 5.48100e-01
155 	 5.49400e-01
156 	 5.49800e-01
157 	 5.50200e-01
158 	 5.49800e-01
159 	 5.50200e-01
160 	 5.50600e-01
161 	 5.50200e-01
162 	 5.49600e-01
163 	 5.62100e-01
164 	 5.62100e-01
165 	 5.65000e-01
166 	 5.64600e-01
167 	 5.64200e-01
168 	 5.65700e-01
169 	 5.64000e-01
170 	 5.65500e-01
171 	 5.65700e-01
172 	 5.65500e-01
173 	 5.82000e-01
174 	 5.83600e-01
175 	 5.84100e-01
176 	 5.83400e-01
177 	 5.84100e-01
178 	 5.83600e-01
179 	 5.83900e-01
180 	 5.85800e-01
181 	 5.86200e-01
182 	 5.84500e-01
183 	 5.96500e-01
184 	 5.97200e-01
185 	 5.98900e-01
186 	 5.98500e-01
187 	 5.98900e-01
188 	 5.98500e-01
189 	 5.98900e-01
190 	 5.99700e-01
191 	 5.99300e-01
192 	 5.99100e-01
193 	 6.14300e-01
194 	 6.14500e-01
195 	 6.16200e-01
196 	 6.15800e-01
197 	 6.15800e-01
198 	 6.16400e-01
199 	 6.16000e-01
200 	 6.17300e-01
201 	 6.16900e-01
202 	 6.16400e-01
203 	 6.30600e-01
204 	 6.32500e-01
205 	 6.33400e-01
206 	 6.33600e-01
207 	 6.33600e-01
208 	 6.33100e-01
209 	 6.33100e-01
210 	 6.33400e-01
211 	 6.33600e-01
212 	 6.33100e-01
213 	 6.47300e-01
214 	 6.48600e-01
215 	 6.50700e-01
216 	 6.50900e-01
217 	 6.51300e-01
218 	 6.50100e-01
219 	 6.50300e-01
220 	 6.51500e-01
221 	 6.51800e-01
222 	 6.51300e-01
223 	 6.51300e-01
224 	 6.61500e-01
225 	 6.63000e-01
226 	 6.63400e-01
227 	 6.62500e-01
228 	 6.63400e-01
229 	 6.63600e-01
230 	 6.64200e-01
231 	 6.63600e-01
232 	 6.64000e-01
233 	 6.64700e-01
234 	 6.76300e-01
235 	 6.78800e-01
236 	 6.80500e-01
237 	 6.79900e-01
238 	 6.79700e-01
239 	 6.79300e-01
240 	 6.79900e-01
241 	 6.79900e-01
242 	 6.80900e-01
243 	 6.80100e-01
244 	 6.91100e-01
245 	 6.93400e-01
246 	 6.92800e-01
247 	 6.94100e-01
248 	 6.94300e-01
249 	 6.93900e-01
250 	 6.94900e-01
251 	 6.94900e-01
252 	 6.94100e-01
253 	 6.93600e-01
254 	 7.06100e-01
255 	 7.07800e-01
256 	 7.07600e-01
257 	 7.08000e-01
258 	 7.08400e-01
259 	 7.08900e-01
260 	 7.09300e-01
261 	 7.09900e-01
262 	 7.08900e-01
263 	 7.09500e-01
264 	 7.20900e-01
265 	 7.23000e-01
266 	 7.22800e-01
267 	 7.23300e-01
268 	 7.22400e-01
269 	 7.23500e-01
270 	 7.24500e-01
271 	 7.23000e-01
272 	 7.24300e-01
273 	 7.24100e-01
274 	 7.33600e-01
275 	 7.36600e-01
276 	 7.36400e-01
277 	 7.36400e-01
278 	 7.37800e-01
279 	 7.37600e-01
280 	 7.38700e-01
281 	 7.37800e-01
282 	 7.37400e-01
283 	 7.38500e-01
284 	 7.49300e-01
285 	 7.52700e-01
286 	 7.51000e-01
287 	 7.51800e-01
288 	 7.51600e-01
289 	 7.50500e-01
290 	 7.53300e-01
291 	 7.52400e-01
292 	 7.51800e-01
293 	 7.52200e-01
294 	 7.62800e-01
295 	 7.63900e-01
296 	 7.63700e-01
297 	 7.63400e-01
298 	 7.64700e-01
299 	 7.65100e-01
300 	 7.65100e-01
301 	 7.64900e-01
302 	 7.65600e-01
303 	 7.65600e-01
304 	 7.69600e-01
305 	 7.72100e-01
306 	 7.71700e-01
307 	 7.72700e-01
308 	 7.73400e-01
309 	 7.71900e-01
310 	 7.73600e-01
311 	 7.73000e-01
312 	 7.73200e-01
313 	 7.73200e-01
314 	 7.73200e-01
315 	 7.74700e-01
316 	 7.74000e-01
317 	 7.73200e-01
318 	 7.73600e-01
319 	 7.73200e-01
320 	 7.74900e-01
321 	 7.74400e-01
322 	 7.75900e-01
323 	 7.74200e-01
324 	 7.74200e-01
325 	 7.75900e-01
326 	 7.73600e-01
327 	 7.75700e-01
328 	 7.74000e-01
329 	 7.74400e-01
330 	 7.74700e-01
331 	 7.74200e-01
332 	 7.75500e-01
333 	 7.74700e-01
334 	 7.74900e-01
335 	 7.75300e-01
336 	 7.75900e-01
337 	 7.75700e-01
338 	 7.75500e-01
339 	 7.75300e-01
340 	 7.76800e-01
341 	 7.74400e-01
342 	 7.75300e-01
343 	 7.75500e-01
344 	 7.75700e-01
345 	 7.76100e-01
346 	 7.74900e-01
347 	 7.75700e-01
348 	 7.75500e-01
349 	 7.75300e-01
350 	 7.75500e-01
351 	 7.75300e-01
352 	 7.76300e-01
353 	 7.75500e-01
354 	 7.75900e-01
355 	 7.76800e-01
356 	 7.76100e-01
357 	 7.76800e-01
358 	 7.76300e-01
359 	 7.75500e-01
360 	 7.77200e-01
361 	 7.76800e-01
362 	 7.76800e-01
363 	 7.76600e-01
364 	 7.76300e-01
365 	 7.76300e-01
366 	 7.75500e-01
367 	 7.76800e-01
368 	 7.77000e-01
369 	 7.76100e-01
370 	 7.76300e-01
371 	 7.76600e-01
372 	 7.76600e-01
373 	 7.76800e-01
374 	 7.75300e-01
375 	 7.77200e-01
376 	 7.76100e-01
377 	 7.77400e-01
378 	 7.76300e-01
379 	 7.76100e-01
380 	 7.77200e-01
381 	 7.76600e-01
382 	 7.77000e-01
383 	 7.76800e-01
384 	 7.76600e-01
385 	 7.78000e-01
386 	 7.77200e-01
387 	 7.77000e-01
388 	 7.77800e-01
389 	 7.76300e-01
390 	 7.77600e-01
391 	 7.77400e-01
392 	 7.77600e-01
393 	 7.77400e-01
394 	 7.77200e-01
395 	 7.78200e-01
396 	 7.78200e-01
397 	 7.77800e-01
398 	 7.78200e-01
399 	 7.76800e-01
400 	 7.78900e-01
401 	 7.77800e-01
402 	 7.78500e-01
403 	 7.77800e-01
404 	 7.77000e-01
405 	 7.78500e-01
406 	 7.77000e-01
407 	 7.78500e-01
408 	 7.78200e-01
409 	 7.77400e-01
410 	 7.78200e-01
411 	 7.78200e-01
412 	 7.78700e-01
413 	 7.79100e-01
414 	 7.77200e-01
415 	 7.78900e-01
416 	 7.78200e-01
417 	 7.78700e-01
418 	 7.79100e-01
419 	 7.78000e-01
420 	 7.78000e-01
421 	 7.78000e-01
422 	 7.78700e-01
423 	 7.77600e-01
424 	 7.77400e-01
425 	 7.78200e-01
426 	 7.78200e-01
427 	 7.78000e-01
428 	 7.78200e-01
429 	 7.77400e-01
430 	 7.78500e-01
431 	 7.78500e-01
432 	 7.79300e-01
433 	 7.77800e-01
434 	 7.78000e-01
435 	 7.79300e-01
436 	 7.78700e-01
437 	 7.77800e-01
438 	 7.78200e-01
439 	 7.77400e-01
440 	 7.78500e-01
441 	 7.78200e-01
442 	 7.79500e-01
443 	 7.77800e-01
444 	 7.78700e-01
445 	 7.79700e-01
446 	 7.78900e-01
447 	 7.79100e-01
448 	 7.78700e-01
449 	 7.78500e-01
450 	 7.79700e-01
451 	 7.78000e-01
452 	 7.80200e-01
453 	 7.79500e-01
454 	 7.78200e-01
455 	 7.78700e-01
456 	 7.78200e-01
457 	 7.77800e-01
458 	 7.78700e-01
459 	 7.78000e-01
460 	 7.78000e-01
461 	 7.78200e-01
462 	 7.78500e-01
463 	 7.78700e-01
464 	 7.78900e-01
465 	 7.78000e-01
466 	 7.78500e-01
467 	 7.78200e-01
468 	 7.79100e-01
469 	 7.78700e-01
470 	 7.79500e-01
471 	 7.79100e-01
472 	 7.79900e-01
473 	 7.78500e-01
474 	 7.78000e-01
475 	 7.78500e-01
476 	 7.78700e-01
477 	 7.79500e-01
478 	 7.78700e-01
479 	 7.78200e-01
480 	 7.79100e-01
481 	 7.78500e-01
482 	 7.78000e-01
483 	 7.78200e-01
484 	 7.78000e-01
485 	 7.79100e-01
486 	 7.78000e-01
487 	 7.79100e-01
488 	 7.79300e-01
489 	 7.77200e-01
490 	 7.79100e-01
491 	 7.78500e-01
492 	 7.79100e-01
493 	 7.78500e-01
494 	 7.77800e-01
495 	 7.79100e-01
496 	 7.78000e-01
497 	 7.79500e-01
498 	 7.78900e-01
499 	 7.78200e-01
500 	 7.79500e-01
501 	 7.79100e-01
502 	 7.79900e-01
503 	 7.79700e-01
504 	 7.78700e-01
505 	 7.78900e-01
506 	 7.79300e-01
507 	 7.80200e-01
508 	 7.79500e-01
509 	 7.77800e-01
510 	 7.79900e-01
511 	 7.78700e-01
512 	 7.79900e-01
513 	 7.79900e-01
514 	 7.78900e-01
515 	 7.79100e-01
516 	 7.79100e-01
517 	 7.79300e-01
518 	 7.79300e-01
519 	 7.77800e-01
520 	 7.78900e-01
521 	 7.77800e-01
522 	 7.79500e-01
523 	 7.78900e-01
524 	 7.78700e-01
525 	 7.79700e-01
526 	 7.79500e-01
527 	 7.78900e-01
528 	 7.78200e-01
529 	 7.78500e-01
530 	 7.79500e-01
531 	 7.79100e-01
532 	 7.79500e-01
533 	 7.79300e-01
534 	 7.78500e-01
535 	 7.79700e-01
536 	 7.79500e-01
537 	 7.79700e-01
538 	 7.79300e-01
539 	 7.77800e-01
540 	 7.78500e-01
541 	 7.78900e-01
542 	 7.80200e-01
543 	 7.79900e-01
544 	 7.79500e-01
545 	 7.79500e-01
546 	 7.79700e-01
547 	 7.79900e-01
548 	 7.79700e-01
549 	 7.79100e-01
550 	 7.79900e-01
551 	 7.78900e-01
552 	 7.79900e-01
553 	 7.79100e-01
554 	 7.78500e-01
555 	 7.79100e-01
556 	 7.78500e-01
557 	 7.79300e-01
558 	 7.79500e-01
559 	 7.79100e-01
560 	 7.79100e-01
561 	 7.78000e-01
562 	 7.79300e-01
563 	 7.78900e-01
564 	 7.79100e-01
565 	 7.80200e-01
566 	 7.78700e-01
567 	 7.79700e-01
568 	 7.79500e-01
569 	 7.78500e-01
570 	 7.79700e-01
571 	 7.78900e-01
572 	 7.79300e-01
573 	 7.79100e-01
574 	 7.78900e-01
575 	 7.79300e-01
576 	 7.78900e-01
577 	 7.79700e-01
578 	 7.80600e-01
579 	 7.78500e-01
580 	 7.80400e-01
581 	 7.79100e-01
582 	 7.79900e-01
583 	 7.78900e-01
584 	 7.79500e-01
585 	 7.80400e-01
586 	 7.79500e-01
587 	 7.79500e-01
588 	 7.78900e-01
589 	 7.79100e-01
590 	 7.79700e-01
591 	 7.78900e-01
592 	 7.79300e-01
593 	 7.79500e-01
594 	 7.78200e-01
595 	 7.79500e-01
596 	 7.78200e-01
597 	 7.79700e-01
598 	 7.79900e-01
599 	 7.79300e-01
600 	 7.80400e-01
601 	 7.79500e-01
602 	 7.79100e-01
603 	 7.79500e-01
604 	 7.78200e-01
605 	 7.79700e-01
606 	 7.79900e-01
607 	 7.79900e-01
608 	 7.79700e-01
609 	 7.78900e-01
610 	 7.79900e-01
611 	 7.79700e-01
612 	 7.80200e-01
613 	 7.79700e-01
614 	 7.79500e-01
615 	 7.79100e-01
616 	 7.78500e-01
617 	 7.79900e-01
618 	 7.79900e-01
619 	 7.79500e-01
620 	 7.80400e-01
621 	 7.78700e-01
622 	 7.80600e-01
623 	 7.79700e-01
624 	 7.79500e-01
625 	 7.79300e-01
626 	 7.78200e-01
627 	 7.80200e-01
628 	 7.79500e-01
629 	 7.79300e-01
630 	 7.79700e-01
631 	 7.78700e-01
632 	 7.80200e-01
633 	 7.79500e-01
634 	 7.78900e-01
635 	 7.79700e-01
636 	 7.78900e-01
637 	 7.80200e-01
638 	 7.79900e-01
639 	 7.79300e-01
640 	 7.79700e-01
641 	 7.78900e-01
642 	 7.80200e-01
643 	 7.79700e-01
644 	 7.79100e-01
645 	 7.80200e-01
646 	 7.80200e-01
647 	 7.79900e-01
648 	 7.80400e-01
649 	 7.79700e-01
650 	 7.79900e-01
651 	 7.79700e-01
652 	 7.81000e-01
653 	 7.79900e-01
654 	 7.78900e-01
655 	 7.79900e-01
656 	 7.78200e-01
657 	 7.80200e-01
658 	 7.79300e-01
659 	 7.79300e-01
660 	 7.79900e-01
661 	 7.79300e-01
662 	 7.81000e-01
663 	 7.79900e-01
664 	 7.79700e-01
665 	 7.79700e-01
666 	 7.79300e-01
667 	 7.80200e-01
668 	 7.79100e-01
669 	 7.78900e-01
670 	 7.79900e-01
671 	 7.79900e-01
672 	 7.80400e-01
673 	 7.80200e-01
674 	 7.78700e-01
675 	 7.80200e-01
676 	 7.79500e-01
677 	 7.80200e-01
678 	 7.80800e-01
679 	 7.79500e-01
680 	 7.80400e-01
681 	 7.80200e-01
682 	 7.81000e-01
683 	 7.79700e-01
684 	 7.79700e-01
685 	 7.78900e-01
686 	 7.79900e-01
687 	 7.79900e-01
688 	 7.80400e-01
689 	 7.79100e-01
690 	 7.80200e-01
691 	 7.79100e-01
692 	 7.79500e-01
693 	 7.79500e-01
694 	 7.79300e-01
695 	 7.80600e-01
696 	 7.79900e-01
697 	 7.81600e-01
698 	 7.81000e-01
699 	 7.80200e-01
700 	 7.81000e-01
701 	 7.79700e-01
702 	 7.79100e-01
703 	 7.80400e-01
704 	 7.78900e-01
705 	 7.80400e-01
706 	 7.78700e-01
707 	 7.79700e-01
708 	 7.79500e-01
709 	 7.79100e-01
710 	 7.79300e-01
711 	 7.79900e-01
712 	 7.81000e-01
713 	 7.80800e-01
714 	 7.79300e-01
715 	 7.80600e-01
716 	 7.78900e-01
717 	 7.80200e-01
718 	 7.80200e-01
719 	 7.79700e-01
720 	 7.79900e-01
721 	 7.79700e-01
722 	 7.80400e-01
723 	 7.80200e-01
724 	 7.80200e-01
725 	 7.80800e-01
726 	 7.78900e-01
727 	 7.80800e-01
728 	 7.79700e-01
729 	 7.79700e-01
730 	 7.80400e-01
731 	 7.79700e-01
732 	 7.81200e-01
733 	 7.80400e-01
734 	 7.79900e-01
735 	 7.80200e-01
736 	 7.80800e-01
737 	 7.81600e-01
738 	 7.80800e-01
739 	 7.79700e-01
740 	 7.80800e-01
741 	 7.80400e-01
742 	 7.80200e-01
743 	 7.80400e-01
744 	 7.79700e-01
745 	 7.79900e-01
746 	 7.80200e-01
747 	 7.80600e-01
748 	 7.79900e-01
749 	 7.79300e-01
750 	 7.80200e-01
751 	 7.79300e-01
752 	 7.79900e-01
753 	 7.81000e-01
754 	 7.79700e-01
755 	 7.80600e-01
756 	 7.79700e-01
757 	 7.79500e-01
758 	 7.80200e-01
759 	 7.79700e-01
760 	 7.81200e-01
761 	 7.79900e-01
762 	 7.80800e-01
763 	 7.79500e-01
764 	 7.79300e-01
765 	 7.79500e-01
766 	 7.80400e-01
767 	 7.80800e-01
768 	 7.80800e-01
769 	 7.79700e-01
770 	 7.80600e-01
771 	 7.79700e-01
772 	 7.80400e-01
773 	 7.81000e-01
774 	 7.79700e-01
775 	 7.80400e-01
776 	 7.80800e-01
777 	 7.81200e-01
778 	 7.80800e-01
779 	 7.80400e-01
780 	 7.80600e-01
781 	 7.80600e-01
782 	 7.80600e-01
783 	 7.79700e-01
784 	 7.79900e-01
785 	 7.80600e-01
786 	 7.80200e-01
787 	 7.80800e-01
788 	 7.81000e-01
789 	 7.79900e-01
790 	 7.80200e-01
791 	 7.80200e-01
792 	 7.81200e-01
793 	 7.80800e-01
794 	 7.80400e-01
795 	 7.79900e-01
796 	 7.80600e-01
797 	 7.80400e-01
798 	 7.80600e-01
799 	 7.79300e-01
800 	 7.79900e-01
801 	 7.80400e-01
802 	 7.80800e-01
803 	 7.80600e-01
804 	 7.79700e-01
805 	 7.80800e-01
806 	 7.80200e-01
807 	 7.80800e-01
808 	 7.81000e-01
809 	 7.79300e-01
810 	 7.80200e-01
811 	 7.80200e-01
812 	 7.81400e-01
813 	 7.81000e-01
814 	 7.79500e-01
815 	 7.80600e-01
816 	 7.79700e-01
817 	 7.81400e-01
818 	 7.80600e-01
819 	 7.79700e-01
820 	 7.80600e-01
821 	 7.79700e-01
822 	 7.80600e-01
823 	 7.80400e-01
824 	 7.79500e-01
825 	 7.80600e-01
826 	 7.79700e-01
827 	 7.80200e-01
828 	 7.81000e-01
829 	 7.80200e-01
830 	 7.80400e-01
831 	 7.80400e-01
832 	 7.80600e-01
833 	 7.80600e-01
834 	 7.79500e-01
835 	 7.80200e-01
836 	 7.80400e-01
837 	 7.80200e-01
838 	 7.80400e-01
839 	 7.80200e-01
840 	 7.80800e-01
841 	 7.80400e-01
842 	 7.80400e-01
843 	 7.79900e-01
844 	 7.79500e-01
845 	 7.80800e-01
846 	 7.78900e-01
847 	 7.81000e-01
848 	 7.80600e-01
849 	 7.80200e-01
850 	 7.80600e-01
851 	 7.80400e-01
852 	 7.81000e-01
853 	 7.81000e-01
854 	 7.80600e-01
855 	 7.81400e-01
856 	 7.80200e-01
857 	 7.81200e-01
858 	 7.81800e-01
859 	 7.81000e-01
860 	 7.80600e-01
861 	 7.80400e-01
862 	 7.81000e-01
863 	 7.81600e-01
864 	 7.80200e-01
865 	 7.80600e-01
866 	 7.80200e-01
867 	 7.80600e-01
868 	 7.81000e-01
869 	 7.81000e-01
870 	 7.80200e-01
871 	 7.80400e-01
872 	 7.81000e-01
873 	 7.80400e-01
874 	 7.80800e-01
875 	 7.80200e-01
876 	 7.80400e-01
877 	 7.81600e-01
878 	 7.81000e-01
879 	 7.80400e-01
880 	 7.79900e-01
881 	 7.80800e-01
882 	 7.81200e-01
883 	 7.81200e-01
884 	 7.80800e-01
885 	 7.81200e-01
886 	 7.80200e-01
887 	 7.81600e-01
888 	 7.81400e-01
889 	 7.80600e-01
890 	 7.80800e-01
891 	 7.80400e-01
892 	 7.81400e-01
893 	 7.81000e-01
894 	 7.80800e-01
895 	 7.80800e-01
896 	 7.81200e-01
897 	 7.81200e-01
898 	 7.81400e-01
899 	 7.81000e-01
900 	 7.81200e-01
901 	 7.81000e-01
902 	 7.81600e-01
903 	 7.81400e-01
904 	 7.80800e-01
905 	 7.80800e-01
906 	 7.80600e-01
907 	 7.81400e-01
908 	 7.81200e-01
909 	 7.80600e-01
910 	 7.79700e-01
911 	 7.79900e-01
912 	 7.81200e-01
913 	 7.81800e-01
914 	 7.79900e-01
915 	 7.80800e-01
916 	 7.80800e-01
917 	 7.81600e-01
918 	 7.81200e-01
919 	 7.79700e-01
920 	 7.81200e-01
921 	 7.80600e-01
922 	 7.80800e-01
923 	 7.80800e-01
924 	 7.80400e-01
925 	 7.80600e-01
926 	 7.80800e-01
927 	 7.82900e-01
928 	 7.81800e-01
929 	 7.80600e-01
930 	 7.81400e-01
931 	 7.81200e-01
932 	 7.82300e-01
933 	 7.82900e-01
934 	 7.81000e-01
935 	 7.81600e-01
936 	 7.81000e-01
937 	 7.81800e-01
938 	 7.80800e-01
939 	 7.81200e-01
940 	 7.82300e-01
941 	 7.81200e-01
942 	 7.82500e-01
943 	 7.81600e-01
944 	 7.81000e-01
945 	 7.80800e-01
946 	 7.79900e-01
947 	 7.81600e-01
948 	 7.82100e-01
949 	 7.79900e-01
950 	 7.81200e-01
951 	 7.80800e-01
952 	 7.81600e-01
953 	 7.81200e-01
954 	 7.80400e-01
955 	 7.81600e-01
956 	 7.80600e-01
957 	 7.81400e-01
958 	 7.80800e-01
959 	 7.80600e-01
960 	 7.80800e-01
961 	 7.80800e-01
962 	 7.81000e-01
963 	 7.81600e-01
964 	 7.80600e-01
965 	 7.81200e-01
966 	 7.80600e-01
967 	 7.82300e-01
968 	 7.81200e-01
969 	 7.80800e-01
970 	 7.81400e-01
971 	 7.80800e-01
972 	 7.80800e-01
973 	 7.82100e-01
974 	 7.81000e-01
975 	 7.81000e-01
976 	 7.80600e-01
977 	 7.81800e-01
978 	 7.81200e-01
979 	 7.81800e-01
980 	 7.81200e-01
981 	 7.80400e-01
982 	 7.81800e-01
983 	 7.81000e-01
984 	 7.80200e-01
985 	 7.80600e-01
986 	 7.81000e-01
987 	 7.81200e-01
988 	 7.80800e-01
989 	 7.80800e-01
990 	 7.81200e-01
991 	 7.80800e-01
992 	 7.82300e-01
993 	 7.81800e-01
994 	 7.81000e-01
995 	 7.81000e-01
996 	 7.81000e-01
997 	 7.81400e-01
998 	 7.82300e-01
999 	 7.81800e-01
1000 	 7.81600e-01
1001 	 7.80600e-01
1002 	 7.81400e-01
1003 	 7.82100e-01
1004 	 7.80800e-01
1005 	 7.81200e-01
1006 	 7.81200e-01
1007 	 7.81400e-01
1008 	 7.82100e-01
1009 	 7.80600e-01
1010 	 7.81200e-01
1011 	 7.81600e-01
1012 	 7.82700e-01
1013 	 7.82500e-01
1014 	 7.81000e-01
1015 	 7.81600e-01
1016 	 7.80800e-01
1017 	 7.81200e-01
1018 	 7.81600e-01
1019 	 7.81200e-01
1020 	 7.81000e-01
1021 	 7.80600e-01
1022 	 7.81200e-01
1023 	 7.81800e-01
1024 	 7.80800e-01
1025 	 7.81800e-01
1026 	 7.81600e-01
1027 	 7.82100e-01
1028 	 7.81400e-01
1029 	 7.81000e-01
1030 	 7.81600e-01
1031 	 7.81800e-01
1032 	 7.82300e-01
1033 	 7.82300e-01
1034 	 7.81400e-01
1035 	 7.82300e-01
1036 	 7.80400e-01
1037 	 7.81800e-01
1038 	 7.82500e-01
1039 	 7.81600e-01
1040 	 7.81400e-01
1041 	 7.80600e-01
1042 	 7.82500e-01
1043 	 7.82300e-01
1044 	 7.81200e-01
1045 	 7.81400e-01
1046 	 7.81200e-01
1047 	 7.82100e-01
1048 	 7.81600e-01
1049 	 7.81000e-01
1050 	 7.81200e-01
1051 	 7.81200e-01
1052 	 7.82300e-01
1053 	 7.82500e-01
1054 	 7.81600e-01
1055 	 7.81800e-01
1056 	 7.80800e-01
1057 	 7.82700e-01
1058 	 7.81400e-01
1059 	 7.81600e-01
1060 	 7.81200e-01
1061 	 7.82300e-01
1062 	 7.83300e-01
1063 	 7.81600e-01
1064 	 7.81800e-01
1065 	 7.82100e-01
1066 	 7.81400e-01
1067 	 7.83100e-01
1068 	 7.82900e-01
1069 	 7.82100e-01
1070 	 7.82100e-01
1071 	 7.81600e-01
1072 	 7.82500e-01
1073 	 7.82300e-01
1074 	 7.81600e-01
1075 	 7.82300e-01
1076 	 7.81000e-01
1077 	 7.82300e-01
1078 	 7.82900e-01
1079 	 7.81200e-01
1080 	 7.82500e-01
1081 	 7.81800e-01
1082 	 7.82700e-01
1083 	 7.82100e-01
1084 	 7.81400e-01
1085 	 7.82500e-01
1086 	 7.81200e-01
1087 	 7.82100e-01
1088 	 7.81800e-01
1089 	 7.81200e-01
1090 	 7.80600e-01
1091 	 7.81800e-01
1092 	 7.82300e-01
1093 	 7.82100e-01
1094 	 7.81800e-01
1095 	 7.81400e-01
1096 	 7.81200e-01
1097 	 7.82900e-01
1098 	 7.83300e-01
1099 	 7.81600e-01
1100 	 7.81800e-01
1101 	 7.81800e-01
1102 	 7.83500e-01
1103 	 7.83300e-01
1104 	 7.82500e-01
1105 	 7.81200e-01
1106 	 7.80600e-01
1107 	 7.83100e-01
1108 	 7.82300e-01
1109 	 7.81200e-01
1110 	 7.81800e-01
1111 	 7.81600e-01
1112 	 7.82900e-01
1113 	 7.82300e-01
1114 	 7.81800e-01
1115 	 7.81400e-01
1116 	 7.81200e-01
1117 	 7.82100e-01
1118 	 7.82300e-01
1119 	 7.82300e-01
1120 	 7.81600e-01
1121 	 7.80800e-01
1122 	 7.83100e-01
1123 	 7.82100e-01
1124 	 7.81600e-01
1125 	 7.81800e-01
1126 	 7.82300e-01
1127 	 7.84000e-01
1128 	 7.82700e-01
1129 	 7.81200e-01
1130 	 7.82900e-01
1131 	 7.81600e-01
1132 	 7.82900e-01
1133 	 7.82500e-01
1134 	 7.81800e-01
1135 	 7.82500e-01
1136 	 7.81800e-01
1137 	 7.82300e-01
1138 	 7.81600e-01
1139 	 7.82500e-01
1140 	 7.81800e-01
1141 	 7.81600e-01
1142 	 7.83500e-01
1143 	 7.82300e-01
1144 	 7.81200e-01
1145 	 7.82100e-01
1146 	 7.81200e-01
1147 	 7.83500e-01
1148 	 7.82900e-01
1149 	 7.82300e-01
1150 	 7.82500e-01
1151 	 7.82300e-01
1152 	 7.82500e-01
1153 	 7.82500e-01
1154 	 7.81800e-01
1155 	 7.81800e-01
1156 	 7.83300e-01
1157 	 7.83700e-01
1158 	 7.82700e-01
1159 	 7.83100e-01
1160 	 7.82100e-01
1161 	 7.81600e-01
1162 	 7.83500e-01
1163 	 7.81800e-01
1164 	 7.81800e-01
1165 	 7.82500e-01
1166 	 7.82500e-01
1167 	 7.83100e-01
1168 	 7.82300e-01
1169 	 7.81800e-01
1170 	 7.82700e-01
1171 	 7.81800e-01
1172 	 7.83700e-01
1173 	 7.82900e-01
1174 	 7.82300e-01
1175 	 7.82100e-01
1176 	 7.82300e-01
1177 	 7.82500e-01
1178 	 7.82300e-01
1179 	 7.81600e-01
1180 	 7.82500e-01
1181 	 7.82500e-01
1182 	 7.83500e-01
1183 	 7.81800e-01
1184 	 7.82300e-01
1185 	 7.82300e-01
1186 	 7.82500e-01
1187 	 7.83300e-01
1188 	 7.83500e-01
1189 	 7.82700e-01
1190 	 7.82300e-01
1191 	 7.82300e-01
1192 	 7.83700e-01
1193 	 7.83700e-01
1194 	 7.83100e-01
1195 	 7.82300e-01
1196 	 7.82100e-01
1197 	 7.84600e-01
1198 	 7.82500e-01
1199 	 7.82100e-01
1200 	 7.82700e-01
1201 	 7.82500e-01
1202 	 7.83500e-01
1203 	 7.82300e-01
1204 	 7.81000e-01
1205 	 7.82100e-01
1206 	 7.82100e-01
1207 	 7.83300e-01
1208 	 7.82900e-01
1209 	 7.82500e-01
1210 	 7.82700e-01
1211 	 7.82100e-01
1212 	 7.82900e-01
1213 	 7.82700e-01
1214 	 7.82300e-01
1215 	 7.82700e-01
1216 	 7.82100e-01
1217 	 7.83500e-01
1218 	 7.83300e-01
1219 	 7.82700e-01
1220 	 7.82900e-01
1221 	 7.81800e-01
1222 	 7.83700e-01
1223 	 7.82700e-01
1224 	 7.82100e-01
1225 	 7.82700e-01
1226 	 7.81400e-01
1227 	 7.82700e-01
1228 	 7.83300e-01
1229 	 7.82700e-01
1230 	 7.82100e-01
1231 	 7.82100e-01
1232 	 7.84200e-01
1233 	 7.82700e-01
1234 	 7.81400e-01
1235 	 7.82900e-01
1236 	 7.81800e-01
1237 	 7.83300e-01
1238 	 7.82500e-01
1239 	 7.82300e-01
1240 	 7.82300e-01
1241 	 7.82100e-01
1242 	 7.83700e-01
1243 	 7.82500e-01
1244 	 7.82500e-01
1245 	 7.83500e-01
1246 	 7.83100e-01
1247 	 7.84000e-01
1248 	 7.82900e-01
1249 	 7.83100e-01
1250 	 7.83300e-01
1251 	 7.82300e-01
1252 	 7.84600e-01
1253 	 7.83300e-01
1254 	 7.82500e-01
1255 	 7.82900e-01
1256 	 7.82300e-01
1257 	 7.82900e-01
1258 	 7.82300e-01
1259 	 7.82300e-01
1260 	 7.82900e-01
1261 	 7.81800e-01
1262 	 7.83500e-01
1263 	 7.82500e-01
1264 	 7.82300e-01
1265 	 7.83500e-01
1266 	 7.82700e-01
1267 	 7.84200e-01
1268 	 7.83100e-01
1269 	 7.82700e-01
1270 	 7.82300e-01
1271 	 7.81400e-01
1272 	 7.83300e-01
1273 	 7.82300e-01
1274 	 7.81600e-01
1275 	 7.83100e-01
1276 	 7.82100e-01
1277 	 7.83500e-01
1278 	 7.82700e-01
1279 	 7.82100e-01
1280 	 7.82700e-01
1281 	 7.82500e-01
1282 	 7.84000e-01
1283 	 7.83100e-01
1284 	 7.82500e-01
1285 	 7.83100e-01
1286 	 7.82100e-01
1287 	 7.83300e-01
1288 	 7.83100e-01
1289 	 7.82700e-01
1290 	 7.82300e-01
1291 	 7.82500e-01
1292 	 7.82900e-01
1293 	 7.82700e-01
1294 	 7.83100e-01
1295 	 7.82300e-01
1296 	 7.83100e-01
1297 	 7.84600e-01
1298 	 7.83300e-01
1299 	 7.83100e-01
1300 	 7.83100e-01
1301 	 7.84000e-01
1302 	 7.84600e-01
1303 	 7.83700e-01
1304 	 7.82900e-01
1305 	 7.83100e-01
1306 	 7.83100e-01
1307 	 7.84800e-01
1308 	 7.83700e-01
1309 	 7.83300e-01
1310 	 7.82700e-01
1311 	 7.82100e-01
1312 	 7.84200e-01
1313 	 7.83100e-01
1314 	 7.83700e-01
1315 	 7.84000e-01
1316 	 7.82500e-01
1317 	 7.83300e-01
1318 	 7.82300e-01
1319 	 7.82700e-01
1320 	 7.82100e-01
1321 	 7.82700e-01
1322 	 7.83700e-01
1323 	 7.83100e-01
1324 	 7.82700e-01
1325 	 7.82500e-01
1326 	 7.82100e-01
1327 	 7.84000e-01
1328 	 7.82700e-01
1329 	 7.82100e-01
1330 	 7.83300e-01
1331 	 7.82500e-01
1332 	 7.84200e-01
1333 	 7.82300e-01
1334 	 7.83500e-01
1335 	 7.82900e-01
1336 	 7.82300e-01
1337 	 7.83700e-01
1338 	 7.82900e-01
1339 	 7.82100e-01
1340 	 7.83100e-01
1341 	 7.82700e-01
1342 	 7.83300e-01
1343 	 7.82300e-01
1344 	 7.82900e-01
1345 	 7.83100e-01
1346 	 7.82500e-01
1347 	 7.83100e-01
1348 	 7.82900e-01
1349 	 7.82700e-01
1350 	 7.83100e-01
1351 	 7.81800e-01
1352 	 7.83300e-01
1353 	 7.82500e-01
1354 	 7.82900e-01
1355 	 7.82500e-01
1356 	 7.83300e-01
1357 	 7.82900e-01
1358 	 7.83500e-01
1359 	 7.82700e-01
1360 	 7.82700e-01
1361 	 7.82500e-01
1362 	 7.82300e-01
1363 	 7.82500e-01
1364 	 7.82500e-01
1365 	 7.82700e-01
1366 	 7.82100e-01
1367 	 7.84600e-01
1368 	 7.82700e-01
1369 	 7.82700e-01
1370 	 7.82700e-01
1371 	 7.82900e-01
1372 	 7.84600e-01
1373 	 7.82900e-01
1374 	 7.83100e-01
1375 	 7.82100e-01
1376 	 7.82100e-01
1377 	 7.83700e-01
1378 	 7.82900e-01
1379 	 7.83100e-01
1380 	 7.82500e-01
1381 	 7.81800e-01
1382 	 7.84000e-01
1383 	 7.83300e-01
1384 	 7.82900e-01
1385 	 7.83700e-01
1386 	 7.82500e-01
1387 	 7.83500e-01
1388 	 7.82900e-01
1389 	 7.82900e-01
1390 	 7.83500e-01
1391 	 7.82500e-01
1392 	 7.84400e-01
1393 	 7.83100e-01
1394 	 7.83100e-01
1395 	 7.84200e-01
1396 	 7.82500e-01
1397 	 7.84400e-01
1398 	 7.82900e-01
1399 	 7.82700e-01
1400 	 7.82900e-01
1401 	 7.83300e-01
1402 	 7.83300e-01
1403 	 7.83500e-01
1404 	 7.82700e-01
1405 	 7.83100e-01
1406 	 7.82700e-01
1407 	 7.83500e-01
1408 	 7.84400e-01
1409 	 7.82700e-01
1410 	 7.83100e-01
1411 	 7.82300e-01
1412 	 7.83700e-01
1413 	 7.83100e-01
1414 	 7.84400e-01
1415 	 7.84200e-01
1416 	 7.83300e-01
1417 	 7.84000e-01
1418 	 7.84600e-01
1419 	 7.84000e-01
1420 	 7.84200e-01
1421 	 7.83300e-01
1422 	 7.85000e-01
1423 	 7.84000e-01
1424 	 7.82700e-01
1425 	 7.82900e-01
1426 	 7.82500e-01
1427 	 7.83700e-01
1428 	 7.84200e-01
1429 	 7.82700e-01
1430 	 7.83100e-01
1431 	 7.82700e-01
1432 	 7.83500e-01
1433 	 7.83300e-01
1434 	 7.83700e-01
1435 	 7.83700e-01
1436 	 7.83500e-01
1437 	 7.85000e-01
1438 	 7.84200e-01
1439 	 7.82900e-01
1440 	 7.84200e-01
1441 	 7.82500e-01
1442 	 7.84400e-01
1443 	 7.83100e-01
1444 	 7.83700e-01
1445 	 7.83700e-01
1446 	 7.81600e-01
1447 	 7.84000e-01
1448 	 7.82700e-01
1449 	 7.83100e-01
1450 	 7.82900e-01
1451 	 7.82100e-01
1452 	 7.84400e-01
1453 	 7.84200e-01
1454 	 7.83300e-01
1455 	 7.84000e-01
1456 	 7.82500e-01
1457 	 7.84400e-01
1458 	 7.83300e-01
1459 	 7.83500e-01
1460 	 7.82500e-01
1461 	 7.83100e-01
1462 	 7.84800e-01
1463 	 7.83300e-01
1464 	 7.83500e-01
1465 	 7.83700e-01
1466 	 7.82700e-01
1467 	 7.84400e-01
1468 	 7.84000e-01
1469 	 7.82900e-01
1470 	 7.84000e-01
1471 	 7.82500e-01
1472 	 7.84600e-01
1473 	 7.84400e-01
1474 	 7.84200e-01
1475 	 7.83100e-01
1476 	 7.82300e-01
1477 	 7.84200e-01
1478 	 7.84200e-01
1479 	 7.83700e-01
1480 	 7.82900e-01
1481 	 7.83100e-01
1482 	 7.83700e-01
1483 	 7.83500e-01
1484 	 7.83700e-01
1485 	 7.84800e-01
1486 	 7.84400e-01
1487 	 7.84400e-01
1488 	 7.82900e-01
1489 	 7.83700e-01
1490 	 7.82700e-01
1491 	 7.82500e-01
1492 	 7.84200e-01
1493 	 7.83100e-01
1494 	 7.83700e-01
1495 	 7.82700e-01
1496 	 7.82300e-01
1497 	 7.83700e-01
1498 	 7.83300e-01
1499 	 7.82900e-01
1500 	 7.83300e-01
1501 	 7.82700e-01
1502 	 7.83100e-01
1503 	 7.83100e-01
1504 	 7.83300e-01
1505 	 7.83500e-01
1506 	 7.82900e-01
1507 	 7.84400e-01
1508 	 7.84600e-01
1509 	 7.82500e-01
1510 	 7.83300e-01
1511 	 7.83700e-01
1512 	 7.84200e-01
1513 	 7.83300e-01
1514 	 7.84200e-01
1515 	 7.84200e-01
1516 	 7.82900e-01
1517 	 7.85200e-01
1518 	 7.83700e-01
1519 	 7.84000e-01
1520 	 7.83500e-01
1521 	 7.83700e-01
1522 	 7.84600e-01
1523 	 7.84200e-01
1524 	 7.84000e-01
1525 	 7.84000e-01
1526 	 7.83500e-01
1527 	 7.84600e-01
1528 	 7.83500e-01
1529 	 7.84000e-01
1530 	 7.83100e-01
1531 	 7.83300e-01
1532 	 7.84600e-01
1533 	 7.84400e-01
1534 	 7.84400e-01
1535 	 7.83700e-01
1536 	 7.84000e-01
1537 	 7.84800e-01
1538 	 7.84000e-01
1539 	 7.83300e-01
1540 	 7.83700e-01
1541 	 7.82500e-01
1542 	 7.84800e-01
1543 	 7.85000e-01
1544 	 7.84400e-01
1545 	 7.84200e-01
1546 	 7.82700e-01
1547 	 7.84200e-01
1548 	 7.84000e-01
1549 	 7.84400e-01
1550 	 7.83100e-01
1551 	 7.82700e-01
1552 	 7.85200e-01
1553 	 7.84000e-01
1554 	 7.83500e-01
1555 	 7.83500e-01
1556 	 7.82900e-01
1557 	 7.84600e-01
1558 	 7.84200e-01
1559 	 7.84400e-01
1560 	 7.84400e-01
1561 	 7.83300e-01
1562 	 7.84200e-01
1563 	 7.84000e-01
1564 	 7.84000e-01
1565 	 7.84000e-01
1566 	 7.83700e-01
1567 	 7.84600e-01
1568 	 7.83300e-01
1569 	 7.84600e-01
1570 	 7.83700e-01
1571 	 7.83300e-01
1572 	 7.85000e-01
1573 	 7.82900e-01
1574 	 7.85000e-01
1575 	 7.83300e-01
1576 	 7.83100e-01
1577 	 7.84000e-01
1578 	 7.82900e-01
1579 	 7.84200e-01
1580 	 7.84000e-01
1581 	 7.83500e-01
1582 	 7.85200e-01
1583 	 7.83700e-01
1584 	 7.84200e-01
1585 	 7.84400e-01
1586 	 7.83500e-01
1587 	 7.83700e-01
1588 	 7.84400e-01
1589 	 7.84800e-01
1590 	 7.83700e-01
1591 	 7.82900e-01
1592 	 7.85200e-01
1593 	 7.84400e-01
1594 	 7.84400e-01
1595 	 7.84600e-01
1596 	 7.82900e-01
1597 	 7.84400e-01
1598 	 7.83700e-01
1599 	 7.84200e-01
1600 	 7.84200e-01
1601 	 7.83100e-01
1602 	 7.84400e-01
1603 	 7.83500e-01
1604 	 7.84400e-01
1605 	 7.83300e-01
1606 	 7.83100e-01
1607 	 7.84600e-01
1608 	 7.83300e-01
1609 	 7.84000e-01
1610 	 7.83700e-01
1611 	 7.84400e-01
1612 	 7.86100e-01
1613 	 7.84000e-01
1614 	 7.85400e-01
1615 	 7.84200e-01
1616 	 7.84400e-01
1617 	 7.84800e-01
1618 	 7.84400e-01
1619 	 7.84200e-01
1620 	 7.84000e-01
1621 	 7.82900e-01
1622 	 7.85400e-01
1623 	 7.83300e-01
1624 	 7.83500e-01
1625 	 7.84200e-01
1626 	 7.84200e-01
1627 	 7.84800e-01
1628 	 7.83500e-01
1629 	 7.83500e-01
1630 	 7.84200e-01
1631 	 7.82900e-01
1632 	 7.84600e-01
1633 	 7.84400e-01
1634 	 7.84000e-01
1635 	 7.84600e-01
1636 	 7.84400e-01
1637 	 7.85900e-01
1638 	 7.84200e-01
1639 	 7.83300e-01
1640 	 7.84200e-01
1641 	 7.82900e-01
1642 	 7.84000e-01
1643 	 7.83100e-01
1644 	 7.83100e-01
1645 	 7.83700e-01
1646 	 7.83500e-01
1647 	 7.84400e-01
1648 	 7.83300e-01
1649 	 7.85000e-01
1650 	 7.84600e-01
1651 	 7.83100e-01
1652 	 7.84400e-01
1653 	 7.84200e-01
1654 	 7.84600e-01
1655 	 7.84800e-01
1656 	 7.84000e-01
1657 	 7.83700e-01
1658 	 7.84000e-01
1659 	 7.84400e-01
1660 	 7.83700e-01
1661 	 7.83500e-01
1662 	 7.85700e-01
1663 	 7.84200e-01
1664 	 7.83700e-01
1665 	 7.84400e-01
1666 	 7.83100e-01
1667 	 7.84600e-01
1668 	 7.84400e-01
1669 	 7.85000e-01
1670 	 7.85000e-01
1671 	 7.84200e-01
1672 	 7.84600e-01
1673 	 7.83700e-01
1674 	 7.84400e-01
1675 	 7.83300e-01
1676 	 7.83300e-01
1677 	 7.84000e-01
1678 	 7.83100e-01
1679 	 7.84800e-01
1680 	 7.84400e-01
1681 	 7.83500e-01
1682 	 7.85200e-01
1683 	 7.84400e-01
1684 	 7.84400e-01
1685 	 7.83300e-01
1686 	 7.83700e-01
1687 	 7.84800e-01
1688 	 7.84600e-01
1689 	 7.84800e-01
1690 	 7.84200e-01
1691 	 7.83300e-01
1692 	 7.83700e-01
1693 	 7.84400e-01
1694 	 7.84600e-01
1695 	 7.84600e-01
1696 	 7.83500e-01
1697 	 7.84800e-01
1698 	 7.84400e-01
1699 	 7.84600e-01
1700 	 7.85000e-01
1701 	 7.82900e-01
1702 	 7.85400e-01
1703 	 7.84400e-01
1704 	 7.84800e-01
1705 	 7.84000e-01
1706 	 7.84400e-01
1707 	 7.84600e-01
1708 	 7.84400e-01
1709 	 7.85000e-01
1710 	 7.85200e-01
1711 	 7.84400e-01
1712 	 7.85000e-01
1713 	 7.84400e-01
1714 	 7.84800e-01
1715 	 7.85000e-01
1716 	 7.82900e-01
1717 	 7.84400e-01
1718 	 7.83700e-01
1719 	 7.84600e-01
1720 	 7.86100e-01
1721 	 7.84400e-01
1722 	 7.85000e-01
1723 	 7.84600e-01
1724 	 7.84400e-01
1725 	 7.84400e-01
1726 	 7.84200e-01
1727 	 7.85200e-01
1728 	 7.84800e-01
1729 	 7.84400e-01
1730 	 7.84400e-01
1731 	 7.83700e-01
1732 	 7.84800e-01
1733 	 7.85000e-01
1734 	 7.84200e-01
1735 	 7.84800e-01
1736 	 7.84000e-01
1737 	 7.84600e-01
1738 	 7.83700e-01
1739 	 7.84400e-01
1740 	 7.84600e-01
1741 	 7.83500e-01
1742 	 7.85200e-01
1743 	 7.84800e-01
1744 	 7.85200e-01
1745 	 7.84200e-01
1746 	 7.84000e-01
1747 	 7.85200e-01
1748 	 7.84800e-01
1749 	 7.85000e-01
1750 	 7.85400e-01
1751 	 7.83500e-01
1752 	 7.84800e-01
1753 	 7.84400e-01
1754 	 7.85000e-01
1755 	 7.84200e-01
1756 	 7.84800e-01
1757 	 7.85000e-01
1758 	 7.85000e-01
1759 	 7.85000e-01
1760 	 7.85400e-01
1761 	 7.83700e-01
1762 	 7.85700e-01
1763 	 7.84600e-01
1764 	 7.84800e-01
1765 	 7.84400e-01
1766 	 7.84800e-01
1767 	 7.85400e-01
1768 	 7.84800e-01
1769 	 7.85000e-01
1770 	 7.85000e-01
1771 	 7.84800e-01
1772 	 7.85400e-01
1773 	 7.84000e-01
1774 	 7.84800e-01
1775 	 7.84600e-01
1776 	 7.84200e-01
1777 	 7.84200e-01
1778 	 7.85000e-01
1779 	 7.85700e-01
1780 	 7.85400e-01
1781 	 7.84200e-01
1782 	 7.84400e-01
1783 	 7.84800e-01
1784 	 7.86100e-01
1785 	 7.85700e-01
1786 	 7.83700e-01
1787 	 7.85200e-01
1788 	 7.84600e-01
1789 	 7.84200e-01
1790 	 7.85700e-01
1791 	 7.84600e-01
1792 	 7.84400e-01
1793 	 7.84800e-01
1794 	 7.85900e-01
1795 	 7.84400e-01
1796 	 7.84200e-01
1797 	 7.85900e-01
1798 	 7.84600e-01
1799 	 7.85200e-01
1800 	 7.84800e-01
1801 	 7.84000e-01
1802 	 7.84800e-01
1803 	 7.84800e-01
1804 	 7.85200e-01
1805 	 7.85200e-01
1806 	 7.84200e-01
1807 	 7.84400e-01
1808 	 7.84400e-01
1809 	 7.85700e-01
1810 	 7.84800e-01
1811 	 7.84800e-01
1812 	 7.85700e-01
1813 	 7.84600e-01
1814 	 7.85400e-01
1815 	 7.84800e-01
1816 	 7.83500e-01
1817 	 7.85400e-01
1818 	 7.85400e-01
1819 	 7.85000e-01
1820 	 7.86300e-01
1821 	 7.85200e-01
1822 	 7.85000e-01
1823 	 7.84200e-01
1824 	 7.85900e-01
1825 	 7.84800e-01
1826 	 7.84600e-01
1827 	 7.84600e-01
1828 	 7.85200e-01
1829 	 7.85900e-01
1830 	 7.85900e-01
1831 	 7.84600e-01
1832 	 7.86700e-01
1833 	 7.85200e-01
1834 	 7.85700e-01
1835 	 7.85200e-01
1836 	 7.85400e-01
1837 	 7.85000e-01
1838 	 7.85400e-01
1839 	 7.86100e-01
1840 	 7.85900e-01
1841 	 7.84600e-01
1842 	 7.85700e-01
1843 	 7.84600e-01
1844 	 7.86100e-01
1845 	 7.86100e-01
1846 	 7.84400e-01
1847 	 7.85200e-01
1848 	 7.84600e-01
1849 	 7.85200e-01
1850 	 7.85400e-01
1851 	 7.84600e-01
1852 	 7.85900e-01
1853 	 7.84800e-01
1854 	 7.85700e-01
1855 	 7.86100e-01
1856 	 7.84000e-01
1857 	 7.85400e-01
1858 	 7.84800e-01
1859 	 7.86500e-01
1860 	 7.85900e-01
1861 	 7.84600e-01
1862 	 7.85200e-01
1863 	 7.85200e-01
1864 	 7.86100e-01
1865 	 7.84600e-01
1866 	 7.84800e-01
1867 	 7.84600e-01
1868 	 7.84200e-01
1869 	 7.85200e-01
1870 	 7.85700e-01
1871 	 7.84800e-01
1872 	 7.85400e-01
1873 	 7.85200e-01
1874 	 7.85700e-01
1875 	 7.85400e-01
1876 	 7.85000e-01
1877 	 7.84400e-01
1878 	 7.84600e-01
1879 	 7.86100e-01
1880 	 7.85700e-01
1881 	 7.85200e-01
1882 	 7.85200e-01
1883 	 7.85400e-01
1884 	 7.85700e-01
1885 	 7.85700e-01
1886 	 7.84600e-01
1887 	 7.85000e-01
1888 	 7.85700e-01
1889 	 7.85700e-01
1890 	 7.85200e-01
1891 	 7.84000e-01
1892 	 7.84600e-01
1893 	 7.85200e-01
1894 	 7.86100e-01
1895 	 7.85700e-01
1896 	 7.84600e-01
1897 	 7.84800e-01
1898 	 7.85200e-01
1899 	 7.85400e-01
1900 	 7.85900e-01
1901 	 7.85400e-01
1902 	 7.85200e-01
1903 	 7.85000e-01
1904 	 7.85700e-01
1905 	 7.86500e-01
1906 	 7.85000e-01
1907 	 7.85400e-01
1908 	 7.85000e-01
1909 	 7.86100e-01
1910 	 7.85700e-01
1911 	 7.84600e-01
1912 	 7.85700e-01
1913 	 7.85200e-01
1914 	 7.85400e-01
1915 	 7.85200e-01
1916 	 7.84800e-01
1917 	 7.85700e-01
1918 	 7.85000e-01
1919 	 7.85000e-01
1920 	 7.85400e-01
1921 	 7.84400e-01
1922 	 7.85200e-01
1923 	 7.85400e-01
1924 	 7.85900e-01
1925 	 7.86100e-01
1926 	 7.85200e-01
1927 	 7.86500e-01
1928 	 7.84600e-01
1929 	 7.85400e-01
1930 	 7.85900e-01
1931 	 7.84400e-01
1932 	 7.85700e-01
1933 	 7.85200e-01
1934 	 7.85700e-01
1935 	 7.85200e-01
1936 	 7.85000e-01
1937 	 7.85700e-01
1938 	 7.85400e-01
1939 	 7.85700e-01
1940 	 7.85900e-01
1941 	 7.85000e-01
1942 	 7.85400e-01
1943 	 7.85000e-01
1944 	 7.85200e-01
1945 	 7.86100e-01
1946 	 7.86300e-01
1947 	 7.85400e-01
1948 	 7.85200e-01
1949 	 7.85200e-01
1950 	 7.85700e-01
1951 	 7.84600e-01
1952 	 7.85700e-01
1953 	 7.85400e-01
1954 	 7.86300e-01
1955 	 7.85200e-01
1956 	 7.85000e-01
1957 	 7.85400e-01
1958 	 7.84400e-01
1959 	 7.85900e-01
1960 	 7.86100e-01
1961 	 7.85700e-01
1962 	 7.85700e-01
1963 	 7.85900e-01
1964 	 7.85900e-01
1965 	 7.85200e-01
1966 	 7.85000e-01
1967 	 7.85700e-01
1968 	 7.85000e-01
1969 	 7.85900e-01
1970 	 7.85900e-01
1971 	 7.85000e-01
1972 	 7.85200e-01
1973 	 7.85700e-01
1974 	 7.85700e-01
1975 	 7.85700e-01
1976 	 7.85000e-01
1977 	 7.85900e-01
1978 	 7.85000e-01
1979 	 7.85400e-01
1980 	 7.85400e-01
1981 	 7.85400e-01
1982 	 7.85400e-01
1983 	 7.85200e-01
1984 	 7.85700e-01
1985 	 7.85900e-01
1986 	 7.85200e-01
1987 	 7.85400e-01
1988 	 7.85400e-01
1989 	 7.85400e-01
1990 	 7.86100e-01
1991 	 7.85000e-01
1992 	 7.86300e-01
1993 	 7.85000e-01
1994 	 7.85900e-01
1995 	 7.85700e-01
1996 	 7.85000e-01
1997 	 7.85900e-01
1998 	 7.86100e-01
1999 	 7.85900e-01
2000 	 7.85900e-01
2001 	 7.85200e-01
2002 	 7.85400e-01
2003 	 7.85400e-01
2004 	 7.86900e-01
2005 	 7.86500e-01
2006 	 7.85200e-01
2007 	 7.84800e-01
2008 	 7.85400e-01
2009 	 7.86300e-01
2010 	 7.85700e-01
2011 	 7.85700e-01
2012 	 7.85900e-01
2013 	 7.85400e-01
2014 	 7.85900e-01
2015 	 7.85700e-01
2016 	 7.85400e-01
2017 	 7.85400e-01
2018 	 7.85700e-01
2019 	 7.85900e-01
2020 	 7.85700e-01
2021 	 7.85000e-01
2022 	 7.85400e-01
2023 	 7.85900e-01
2024 	 7.86300e-01
2025 	 7.86100e-01
2026 	 7.85400e-01
2027 	 7.86300e-01
2028 	 7.85400e-01
2029 	 7.86500e-01
2030 	 7.86500e-01
2031 	 7.85400e-01
2032 	 7.85900e-01
2033 	 7.85200e-01
2034 	 7.86300e-01
2035 	 7.86100e-01
2036 	 7.85400e-01
2037 	 7.86500e-01
2038 	 7.85700e-01
2039 	 7.86500e-01
2040 	 7.85700e-01
2041 	 7.85200e-01
2042 	 7.86100e-01
2043 	 7.86100e-01
2044 	 7.86100e-01
2045 	 7.86300e-01
2046 	 7.85200e-01
2047 	 7.85700e-01
2048 	 7.86100e-01
2049 	 7.87600e-01
2050 	 7.86100e-01
2051 	 7.85200e-01
2052 	 7.86500e-01
2053 	 7.85700e-01
2054 	 7.85900e-01
2055 	 7.86100e-01
2056 	 7.85400e-01
2057 	 7.85200e-01
2058 	 7.85200e-01
2059 	 7.86900e-01
2060 	 7.86500e-01
2061 	 7.85200e-01
2062 	 7.85400e-01
2063 	 7.85700e-01
2064 	 7.86300e-01
2065 	 7.86100e-01
2066 	 7.85000e-01
2067 	 7.85400e-01
2068 	 7.85400e-01
2069 	 7.86900e-01
2070 	 7.86100e-01
2071 	 7.85700e-01
2072 	 7.84800e-01
2073 	 7.86100e-01
2074 	 7.86700e-01
2075 	 7.86700e-01
2076 	 7.85900e-01
2077 	 7.85900e-01
2078 	 7.85900e-01
2079 	 7.86700e-01
2080 	 7.85400e-01
2081 	 7.85900e-01
2082 	 7.86700e-01
2083 	 7.86100e-01
2084 	 7.86700e-01
2085 	 7.86300e-01
2086 	 7.85900e-01
2087 	 7.86700e-01
2088 	 7.85700e-01
2089 	 7.86700e-01
2090 	 7.86700e-01
2091 	 7.86300e-01
2092 	 7.86500e-01
2093 	 7.85200e-01
2094 	 7.86300e-01
2095 	 7.86700e-01
2096 	 7.85200e-01
2097 	 7.86300e-01
2098 	 7.85400e-01
2099 	 7.87300e-01
2100 	 7.86500e-01
2101 	 7.85000e-01
2102 	 7.86100e-01
2103 	 7.86500e-01
2104 	 7.86900e-01
2105 	 7.86500e-01
2106 	 7.85400e-01
2107 	 7.86700e-01
2108 	 7.86100e-01
2109 	 7.87100e-01
2110 	 7.85400e-01
2111 	 7.85700e-01
2112 	 7.86100e-01
2113 	 7.85400e-01
2114 	 7.87800e-01
2115 	 7.86300e-01
2116 	 7.85400e-01
2117 	 7.85400e-01
2118 	 7.86300e-01
2119 	 7.87100e-01
2120 	 7.86500e-01
2121 	 7.86300e-01
2122 	 7.86100e-01
2123 	 7.85400e-01
2124 	 7.85700e-01
2125 	 7.86300e-01
2126 	 7.85700e-01
2127 	 7.85700e-01
2128 	 7.85900e-01
2129 	 7.86500e-01
2130 	 7.86100e-01
2131 	 7.85200e-01
2132 	 7.85900e-01
2133 	 7.85400e-01
2134 	 7.86500e-01
2135 	 7.86700e-01
2136 	 7.85200e-01
2137 	 7.86700e-01
2138 	 7.86300e-01
2139 	 7.87300e-01
2140 	 7.86900e-01
2141 	 7.86300e-01
2142 	 7.86300e-01
2143 	 7.85400e-01
2144 	 7.86700e-01
2145 	 7.86500e-01
2146 	 7.85700e-01
2147 	 7.86900e-01
2148 	 7.86100e-01
2149 	 7.87600e-01
2150 	 7.86300e-01
2151 	 7.85200e-01
2152 	 7.86700e-01
2153 	 7.85900e-01
2154 	 7.86700e-01
2155 	 7.86700e-01
2156 	 7.86300e-01
2157 	 7.86100e-01
2158 	 7.85400e-01
2159 	 7.87300e-01
2160 	 7.87100e-01
2161 	 7.86300e-01
2162 	 7.85900e-01
2163 	 7.86100e-01
2164 	 7.87100e-01
2165 	 7.86500e-01
2166 	 7.86300e-01
2167 	 7.86300e-01
2168 	 7.86700e-01
2169 	 7.87300e-01
2170 	 7.86500e-01
2171 	 7.85400e-01
2172 	 7.85900e-01
2173 	 7.85900e-01
2174 	 7.87300e-01
2175 	 7.85700e-01
2176 	 7.86900e-01
2177 	 7.86700e-01
2178 	 7.86700e-01
2179 	 7.87300e-01
2180 	 7.86100e-01
2181 	 7.85400e-01
2182 	 7.86500e-01
2183 	 7.85200e-01
2184 	 7.87100e-01
2185 	 7.87300e-01
2186 	 7.85200e-01
2187 	 7.86300e-01
2188 	 7.86100e-01
2189 	 7.85900e-01
2190 	 7.86300e-01
2191 	 7.85200e-01
2192 	 7.85700e-01
2193 	 7.85200e-01
2194 	 7.87100e-01
2195 	 7.85700e-01
2196 	 7.85000e-01
2197 	 7.86300e-01
2198 	 7.85200e-01
2199 	 7.87600e-01
2200 	 7.86300e-01
2201 	 7.86300e-01
2202 	 7.86500e-01
2203 	 7.86500e-01
2204 	 7.87600e-01
2205 	 7.86700e-01
2206 	 7.86500e-01
2207 	 7.86300e-01
2208 	 7.86500e-01
2209 	 7.87800e-01
2210 	 7.86700e-01
2211 	 7.85700e-01
2212 	 7.86100e-01
2213 	 7.86100e-01
2214 	 7.86900e-01
2215 	 7.85900e-01
2216 	 7.86100e-01
2217 	 7.86700e-01
2218 	 7.85400e-01
2219 	 7.87600e-01
2220 	 7.87600e-01
2221 	 7.85700e-01
2222 	 7.86500e-01
2223 	 7.86100e-01
2224 	 7.87800e-01
2225 	 7.86300e-01
2226 	 7.85200e-01
2227 	 7.86900e-01
2228 	 7.85700e-01
2229 	 7.87600e-01
2230 	 7.87800e-01
2231 	 7.86300e-01
2232 	 7.86700e-01
2233 	 7.85900e-01
2234 	 7.87300e-01
2235 	 7.86300e-01
2236 	 7.86300e-01
2237 	 7.86500e-01
2238 	 7.86100e-01
2239 	 7.87100e-01
2240 	 7.86900e-01
2241 	 7.86100e-01
2242 	 7.86300e-01
2243 	 7.86300e-01
2244 	 7.87100e-01
2245 	 7.86300e-01
2246 	 7.85200e-01
2247 	 7.85900e-01
2248 	 7.86500e-01
2249 	 7.87300e-01
2250 	 7.87300e-01
2251 	 7.86100e-01
2252 	 7.85900e-01
2253 	 7.86300e-01
2254 	 7.87600e-01
2255 	 7.85900e-01
2256 	 7.86300e-01
2257 	 7.86300e-01
2258 	 7.86700e-01
2259 	 7.87100e-01
2260 	 7.86900e-01
2261 	 7.85400e-01
2262 	 7.87600e-01
2263 	 7.86500e-01
2264 	 7.86900e-01
2265 	 7.86100e-01
2266 	 7.87300e-01
2267 	 7.86300e-01
2268 	 7.86300e-01
2269 	 7.86100e-01
2270 	 7.86900e-01
2271 	 7.86500e-01
2272 	 7.86300e-01
2273 	 7.86100e-01
2274 	 7.87600e-01
2275 	 7.86300e-01
2276 	 7.86700e-01
2277 	 7.86500e-01
2278 	 7.86700e-01
2279 	 7.87600e-01
2280 	 7.86700e-01
2281 	 7.87100e-01
2282 	 7.86500e-01
2283 	 7.86300e-01
2284 	 7.87600e-01
2285 	 7.86900e-01
2286 	 7.86500e-01
2287 	 7.86700e-01
2288 	 7.85900e-01
2289 	 7.87600e-01
2290 	 7.86500e-01
2291 	 7.85900e-01
2292 	 7.86900e-01
2293 	 7.86100e-01
2294 	 7.88200e-01
2295 	 7.86500e-01
2296 	 7.85900e-01
2297 	 7.86700e-01
2298 	 7.85400e-01
2299 	 7.87600e-01
2300 	 7.86700e-01
2301 	 7.86500e-01
2302 	 7.86900e-01
2303 	 7.85900e-01
2304 	 7.88000e-01
2305 	 7.87800e-01
2306 	 7.86500e-01
2307 	 7.86900e-01
2308 	 7.86700e-01
2309 	 7.87800e-01
2310 	 7.87300e-01
2311 	 7.87100e-01
2312 	 7.86900e-01
2313 	 7.86700e-01
2314 	 7.88000e-01
2315 	 7.87100e-01
2316 	 7.86500e-01
2317 	 7.86300e-01
2318 	 7.86500e-01
2319 	 7.87600e-01
2320 	 7.87300e-01
2321 	 7.86500e-01
2322 	 7.86500e-01
2323 	 7.85700e-01
2324 	 7.87300e-01
2325 	 7.86500e-01
2326 	 7.86100e-01
2327 	 7.86900e-01
2328 	 7.86500e-01
2329 	 7.86700e-01
2330 	 7.86700e-01
2331 	 7.86700e-01
2332 	 7.86500e-01
2333 	 7.86700e-01
2334 	 7.89200e-01
2335 	 7.88000e-01
2336 	 7.86100e-01
2337 	 7.86700e-01
2338 	 7.88400e-01
2339 	 7.88600e-01
2340 	 7.88000e-01
2341 	 7.86100e-01
2342 	 7.86300e-01
2343 	 7.87300e-01
2344 	 7.88000e-01
2345 	 7.87600e-01
2346 	 7.86900e-01
2347 	 7.86500e-01
2348 	 7.87100e-01
2349 	 7.87100e-01
2350 	 7.86500e-01
2351 	 7.85900e-01
2352 	 7.86700e-01
2353 	 7.86700e-01
2354 	 7.87800e-01
2355 	 7.88600e-01
2356 	 7.87100e-01
2357 	 7.88000e-01
2358 	 7.87800e-01
2359 	 7.87600e-01
2360 	 7.86700e-01
2361 	 7.86900e-01
2362 	 7.86700e-01
2363 	 7.86500e-01
2364 	 7.88000e-01
2365 	 7.86300e-01
2366 	 7.86300e-01
2367 	 7.86900e-01
2368 	 7.86300e-01
2369 	 7.88000e-01
2370 	 7.87300e-01
2371 	 7.86900e-01
2372 	 7.87300e-01
2373 	 7.86300e-01
2374 	 7.88200e-01
2375 	 7.86500e-01
2376 	 7.86300e-01
2377 	 7.85900e-01
2378 	 7.86100e-01
2379 	 7.87800e-01
2380 	 7.86700e-01
2381 	 7.86300e-01
2382 	 7.86300e-01
2383 	 7.86500e-01
2384 	 7.87300e-01
2385 	 7.87600e-01
2386 	 7.87600e-01
2387 	 7.86900e-01
2388 	 7.86900e-01
2389 	 7.86700e-01
2390 	 7.86300e-01
2391 	 7.86300e-01
2392 	 7.87800e-01
2393 	 7.87600e-01
2394 	 7.89000e-01
2395 	 7.88400e-01
2396 	 7.87800e-01
2397 	 7.88000e-01
2398 	 7.87300e-01
2399 	 7.89500e-01
2400 	 7.87100e-01
2401 	 7.88400e-01
2402 	 7.88400e-01
2403 	 7.88400e-01
2404 	 7.88600e-01
2405 	 7.86900e-01
2406 	 7.87100e-01
2407 	 7.86500e-01
2408 	 7.86500e-01
2409 	 7.87100e-01
2410 	 7.86900e-01
2411 	 7.87800e-01
2412 	 7.88200e-01
2413 	 7.86500e-01
2414 	 7.87100e-01
2415 	 7.86700e-01
2416 	 7.87100e-01
2417 	 7.86900e-01
2418 	 7.87100e-01
2419 	 7.87100e-01
2420 	 7.87600e-01
2421 	 7.86100e-01
2422 	 7.87800e-01
2423 	 7.86300e-01
2424 	 7.88000e-01
2425 	 7.87100e-01
2426 	 7.86300e-01
2427 	 7.87600e-01
2428 	 7.86100e-01
2429 	 7.87600e-01
2430 	 7.87300e-01
2431 	 7.88000e-01
2432 	 7.86700e-01
2433 	 7.86300e-01
2434 	 7.88400e-01
2435 	 7.87600e-01
2436 	 7.86500e-01
2437 	 7.86900e-01
2438 	 7.86700e-01
2439 	 7.88000e-01
2440 	 7.87600e-01
2441 	 7.86900e-01
2442 	 7.88000e-01
2443 	 7.87300e-01
2444 	 7.88200e-01
2445 	 7.85900e-01
2446 	 7.87100e-01
2447 	 7.87800e-01
2448 	 7.87600e-01
2449 	 7.87800e-01
2450 	 7.86700e-01
2451 	 7.87300e-01
2452 	 7.87100e-01
2453 	 7.86500e-01
2454 	 7.88200e-01
2455 	 7.87800e-01
2456 	 7.87800e-01
2457 	 7.87800e-01
2458 	 7.87300e-01
2459 	 7.88200e-01
2460 	 7.88200e-01
2461 	 7.87300e-01
2462 	 7.88000e-01
2463 	 7.86300e-01
2464 	 7.88200e-01
2465 	 7.86300e-01
2466 	 7.87600e-01
2467 	 7.86500e-01
2468 	 7.86700e-01
2469 	 7.87600e-01
2470 	 7.87300e-01
2471 	 7.87600e-01
2472 	 7.86700e-01
2473 	 7.86500e-01
2474 	 7.87600e-01
2475 	 7.86300e-01
2476 	 7.86700e-01
2477 	 7.87300e-01
2478 	 7.86500e-01
2479 	 7.88400e-01
2480 	 7.87300e-01
2481 	 7.86900e-01
2482 	 7.86900e-01
2483 	 7.87600e-01
2484 	 7.88800e-01
2485 	 7.86900e-01
2486 	 7.86700e-01
2487 	 7.87100e-01
2488 	 7.85900e-01
2489 	 7.88400e-01
2490 	 7.87100e-01
2491 	 7.87300e-01
2492 	 7.88000e-01
2493 	 7.86500e-01
2494 	 7.88800e-01
2495 	 7.87100e-01
2496 	 7.87300e-01
2497 	 7.87300e-01
2498 	 7.87300e-01
2499 	 7.87600e-01
2500 	 7.87300e-01
2501 	 7.87600e-01
2502 	 7.88800e-01
2503 	 7.86900e-01
2504 	 7.87600e-01
2505 	 7.87800e-01
2506 	 7.87600e-01
2507 	 7.87100e-01
2508 	 7.86900e-01
2509 	 7.88400e-01
2510 	 7.88000e-01
2511 	 7.87300e-01
2512 	 7.86900e-01
2513 	 7.86900e-01
2514 	 7.87800e-01
2515 	 7.87800e-01
2516 	 7.87100e-01
2517 	 7.88200e-01
2518 	 7.86300e-01
2519 	 7.88400e-01
2520 	 7.87600e-01
2521 	 7.87300e-01
2522 	 7.87800e-01
2523 	 7.86700e-01
2524 	 7.88000e-01
2525 	 7.87600e-01
2526 	 7.87600e-01
2527 	 7.86900e-01
2528 	 7.86700e-01
2529 	 7.87800e-01
2530 	 7.88000e-01
2531 	 7.86300e-01
2532 	 7.86900e-01
2533 	 7.87300e-01
2534 	 7.88200e-01
2535 	 7.87100e-01
2536 	 7.87300e-01
2537 	 7.86700e-01
2538 	 7.86900e-01
2539 	 7.88000e-01
2540 	 7.87100e-01
2541 	 7.89000e-01
2542 	 7.89000e-01
2543 	 7.88600e-01
2544 	 7.89500e-01
2545 	 7.89200e-01
2546 	 7.88800e-01
2547 	 7.89200e-01
2548 	 7.88400e-01
2549 	 7.89700e-01
2550 	 7.89000e-01
2551 	 7.88000e-01
2552 	 7.87300e-01
2553 	 7.86500e-01
2554 	 7.88600e-01
2555 	 7.87600e-01
2556 	 7.88800e-01
2557 	 7.87800e-01
2558 	 7.87300e-01
2559 	 7.88600e-01
2560 	 7.87600e-01
2561 	 7.87300e-01
2562 	 7.87800e-01
2563 	 7.86700e-01
2564 	 7.87600e-01
2565 	 7.87800e-01
2566 	 7.87600e-01
2567 	 7.87600e-01
2568 	 7.87100e-01
2569 	 7.88400e-01
2570 	 7.88800e-01
2571 	 7.89500e-01
2572 	 7.89500e-01
2573 	 7.88400e-01
2574 	 7.89900e-01
2575 	 7.88400e-01
2576 	 7.88400e-01
2577 	 7.88600e-01
2578 	 7.88400e-01
2579 	 7.89700e-01
2580 	 7.89200e-01
2581 	 7.89200e-01
2582 	 7.88800e-01
2583 	 7.88600e-01
2584 	 7.89700e-01
2585 	 7.88600e-01
2586 	 7.88600e-01
2587 	 7.89000e-01
2588 	 7.89000e-01
2589 	 7.89500e-01
2590 	 7.89200e-01
2591 	 7.89000e-01
2592 	 7.88400e-01
2593 	 7.88200e-01
2594 	 7.89700e-01
2595 	 7.89900e-01
2596 	 7.89000e-01
2597 	 7.88800e-01
2598 	 7.88400e-01
2599 	 7.89500e-01
2600 	 7.89500e-01
2601 	 7.89000e-01
2602 	 7.89700e-01
2603 	 7.88800e-01
2604 	 7.90500e-01
2605 	 7.89200e-01
2606 	 7.89500e-01
2607 	 7.88400e-01
2608 	 7.88200e-01
2609 	 7.89200e-01
2610 	 7.88200e-01
2611 	 7.89200e-01
2612 	 7.88600e-01
2613 	 7.88600e-01
2614 	 7.89900e-01
2615 	 7.88600e-01
2616 	 7.89700e-01
2617 	 7.89700e-01
2618 	 7.88000e-01
2619 	 7.90100e-01
2620 	 7.89000e-01
2621 	 7.89000e-01
2622 	 7.89000e-01
2623 	 7.89200e-01
2624 	 7.90900e-01
2625 	 7.89700e-01
2626 	 7.89700e-01
2627 	 7.88600e-01
2628 	 7.89000e-01
2629 	 7.90500e-01
2630 	 7.89200e-01
2631 	 7.88600e-01
2632 	 7.89500e-01
2633 	 7.88200e-01
2634 	 7.89500e-01
2635 	 7.89500e-01
2636 	 7.89700e-01
2637 	 7.88600e-01
2638 	 7.89200e-01
2639 	 7.89200e-01
2640 	 7.88600e-01
2641 	 7.89200e-01
2642 	 7.89500e-01
2643 	 7.88200e-01
2644 	 7.90100e-01
2645 	 7.89700e-01
2646 	 7.89500e-01
2647 	 7.88800e-01
2648 	 7.88800e-01
2649 	 7.90100e-01
2650 	 7.88600e-01
2651 	 7.89500e-01
2652 	 7.89500e-01
2653 	 7.88200e-01
2654 	 7.90500e-01
2655 	 7.89200e-01
2656 	 7.89500e-01
2657 	 7.89000e-01
2658 	 7.88800e-01
2659 	 7.89700e-01
2660 	 7.88800e-01
2661 	 7.89700e-01
2662 	 7.88400e-01
2663 	 7.88400e-01
2664 	 7.89500e-01
2665 	 7.89500e-01
2666 	 7.88600e-01
2667 	 7.88800e-01
2668 	 7.88000e-01
2669 	 7.89700e-01
2670 	 7.89700e-01
2671 	 7.89500e-01
2672 	 7.89200e-01
2673 	 7.88000e-01
2674 	 7.89000e-01
2675 	 7.88400e-01
2676 	 7.89200e-01
2677 	 7.88800e-01
2678 	 7.87800e-01
2679 	 7.90500e-01
2680 	 7.88600e-01
2681 	 7.89500e-01
2682 	 7.89900e-01
2683 	 7.88800e-01
2684 	 7.89200e-01
2685 	 7.89900e-01
2686 	 7.88800e-01
2687 	 7.89900e-01
2688 	 7.89200e-01
2689 	 7.89200e-01
2690 	 7.89500e-01
2691 	 7.89200e-01
2692 	 7.89000e-01
2693 	 7.88200e-01
2694 	 7.88800e-01
2695 	 7.89700e-01
2696 	 7.89900e-01
2697 	 7.89900e-01
2698 	 7.88800e-01
2699 	 7.90700e-01
2700 	 7.89500e-01
2701 	 7.89900e-01
2702 	 7.89700e-01
2703 	 7.89000e-01
2704 	 7.90300e-01
2705 	 7.89500e-01
2706 	 7.89200e-01
2707 	 7.89900e-01
2708 	 7.88600e-01
2709 	 7.90100e-01
2710 	 7.89200e-01
2711 	 7.88800e-01
2712 	 7.89900e-01
2713 	 7.88400e-01
2714 	 7.88800e-01
2715 	 7.88600e-01
2716 	 7.90100e-01
2717 	 7.89200e-01
2718 	 7.89500e-01
2719 	 7.89900e-01
2720 	 7.88600e-01
2721 	 7.90100e-01
2722 	 7.88800e-01
2723 	 7.88000e-01
2724 	 7.89500e-01
2725 	 7.88800e-01
2726 	 7.89000e-01
2727 	 7.89900e-01
2728 	 7.88400e-01
2729 	 7.89000e-01
2730 	 7.88400e-01
2731 	 7.89200e-01
2732 	 7.89500e-01
2733 	 7.88800e-01
2734 	 7.90100e-01
2735 	 7.89500e-01
2736 	 7.90700e-01
2737 	 7.89900e-01
2738 	 7.89500e-01
2739 	 7.90500e-01
2740 	 7.89500e-01
2741 	 7.89900e-01
2742 	 7.90900e-01
2743 	 7.87800e-01
2744 	 7.90100e-01
2745 	 7.89200e-01
2746 	 7.89500e-01
2747 	 7.89200e-01
2748 	 7.89200e-01
2749 	 7.89900e-01
2750 	 7.89500e-01
2751 	 7.90500e-01
2752 	 7.88800e-01
2753 	 7.88800e-01
2754 	 7.90900e-01
2755 	 7.88600e-01
2756 	 7.88800e-01
2757 	 7.89200e-01
2758 	 7.89000e-01
2759 	 7.89700e-01
2760 	 7.89200e-01
2761 	 7.89900e-01
2762 	 7.89200e-01
2763 	 7.88400e-01
2764 	 7.89000e-01
2765 	 7.88800e-01
2766 	 7.89700e-01
2767 	 7.89200e-01
2768 	 7.89200e-01
2769 	 7.89000e-01
2770 	 7.88200e-01
2771 	 7.89200e-01
2772 	 7.90100e-01
2773 	 7.88600e-01
2774 	 7.89500e-01
2775 	 7.89200e-01
2776 	 7.90500e-01
2777 	 7.89900e-01
2778 	 7.88600e-01
2779 	 7.89900e-01
2780 	 7.89200e-01
2781 	 7.89700e-01
2782 	 7.90300e-01
2783 	 7.88400e-01
2784 	 7.89900e-01
2785 	 7.89700e-01
2786 	 7.90300e-01
2787 	 7.90100e-01
2788 	 7.88000e-01
2789 	 7.89900e-01
2790 	 7.89200e-01
2791 	 7.89500e-01
2792 	 7.90100e-01
2793 	 7.89000e-01
2794 	 7.90100e-01
2795 	 7.88800e-01
2796 	 7.89700e-01
2797 	 7.89700e-01
2798 	 7.89200e-01
2799 	 7.89500e-01
2800 	 7.89500e-01
2801 	 7.90500e-01
2802 	 7.89900e-01
2803 	 7.88400e-01
2804 	 7.90500e-01
2805 	 7.88600e-01
2806 	 7.89200e-01
2807 	 7.89200e-01
2808 	 7.89200e-01
2809 	 7.89200e-01
2810 	 7.89200e-01
2811 	 7.90300e-01
2812 	 7.90500e-01
2813 	 7.89000e-01
2814 	 7.90100e-01
2815 	 7.90300e-01
2816 	 7.89900e-01
2817 	 7.90700e-01
2818 	 7.89200e-01
2819 	 7.89700e-01
2820 	 7.89000e-01
2821 	 7.90500e-01
2822 	 7.89500e-01
2823 	 7.89700e-01
2824 	 7.90700e-01
2825 	 7.90300e-01
2826 	 7.90500e-01
2827 	 7.90500e-01
2828 	 7.89700e-01
2829 	 7.89900e-01
2830 	 7.89500e-01
2831 	 7.90900e-01
2832 	 7.89900e-01
2833 	 7.90300e-01
2834 	 7.89700e-01
2835 	 7.90500e-01
2836 	 7.90500e-01
2837 	 7.89500e-01
2838 	 7.89700e-01
2839 	 7.89700e-01
2840 	 7.89000e-01
2841 	 7.90100e-01
2842 	 7.89000e-01
2843 	 7.89200e-01
2844 	 7.89900e-01
2845 	 7.88600e-01
2846 	 7.90700e-01
2847 	 7.90300e-01
2848 	 7.89200e-01
2849 	 7.89900e-01
2850 	 7.89200e-01
2851 	 7.90100e-01
2852 	 7.89500e-01
2853 	 7.88400e-01
2854 	 7.89700e-01
2855 	 7.90300e-01
2856 	 7.90700e-01
2857 	 7.90300e-01
2858 	 7.89500e-01
2859 	 7.89200e-01
2860 	 7.90500e-01
2861 	 7.89500e-01
2862 	 7.90700e-01
2863 	 7.89200e-01
2864 	 7.90500e-01
2865 	 7.90100e-01
2866 	 7.89900e-01
2867 	 7.90700e-01
2868 	 7.89000e-01
2869 	 7.90300e-01
2870 	 7.89200e-01
2871 	 7.90500e-01
2872 	 7.90900e-01
2873 	 7.89500e-01
2874 	 7.90300e-01
2875 	 7.90700e-01
2876 	 7.90300e-01
2877 	 7.89500e-01
2878 	 7.88600e-01
2879 	 7.89700e-01
2880 	 7.89900e-01
2881 	 7.89900e-01
2882 	 7.90300e-01
2883 	 7.88800e-01
2884 	 7.89700e-01
2885 	 7.90100e-01
2886 	 7.90500e-01
2887 	 7.89500e-01
2888 	 7.90300e-01
2889 	 7.90500e-01
2890 	 7.89900e-01
2891 	 7.90500e-01
2892 	 7.90300e-01
2893 	 7.89900e-01
2894 	 7.89700e-01
2895 	 7.90300e-01
2896 	 7.90900e-01
2897 	 7.90300e-01
2898 	 7.89000e-01
2899 	 7.90100e-01
2900 	 7.89200e-01
2901 	 7.90300e-01
2902 	 7.89500e-01
2903 	 7.89700e-01
2904 	 7.90700e-01
2905 	 7.89700e-01
2906 	 7.90500e-01
2907 	 7.91200e-01
2908 	 7.89200e-01
2909 	 7.90500e-01
2910 	 7.89900e-01
2911 	 7.90500e-01
2912 	 7.90300e-01
2913 	 7.89900e-01
2914 	 7.90500e-01
2915 	 7.89700e-01
2916 	 7.91600e-01
2917 	 7.90100e-01
2918 	 7.89700e-01
2919 	 7.90500e-01
2920 	 7.89700e-01
2921 	 7.90300e-01
2922 	 7.90700e-01
2923 	 7.89900e-01
2924 	 7.91200e-01
2925 	 7.89700e-01
2926 	 7.90300e-01
2927 	 7.90300e-01
2928 	 7.89000e-01
2929 	 7.90900e-01
2930 	 7.89700e-01
2931 	 7.89900e-01
2932 	 7.89700e-01
2933 	 7.88800e-01
2934 	 7.89900e-01
2935 	 7.89900e-01
2936 	 7.92000e-01
2937 	 7.90900e-01
2938 	 7.89900e-01
2939 	 7.89700e-01
2940 	 7.89500e-01
2941 	 7.90900e-01
2942 	 7.90500e-01
2943 	 7.89000e-01
2944 	 7.90100e-01
2945 	 7.89000e-01
2946 	 7.90500e-01
2947 	 7.90900e-01
2948 	 7.89700e-01
2949 	 7.90100e-01
2950 	 7.89200e-01
2951 	 7.90300e-01
2952 	 7.90300e-01
2953 	 7.89700e-01
2954 	 7.90500e-01
2955 	 7.90100e-01
2956 	 7.90500e-01
2957 	 7.90500e-01
2958 	 7.89900e-01
2959 	 7.89900e-01
2960 	 7.90100e-01
2961 	 7.89900e-01
2962 	 7.90300e-01
2963 	 7.89500e-01
2964 	 7.90700e-01
2965 	 7.90500e-01
2966 	 7.90900e-01
2967 	 7.90100e-01
2968 	 7.89500e-01
2969 	 7.90500e-01
2970 	 7.90100e-01
2971 	 7.90300e-01
2972 	 7.91400e-01
2973 	 7.89700e-01
2974 	 7.89500e-01
2975 	 7.90700e-01
2976 	 7.90900e-01
2977 	 7.90500e-01
2978 	 7.89500e-01
2979 	 7.90700e-01
2980 	 7.90500e-01
2981 	 7.90500e-01
2982 	 7.90300e-01
2983 	 7.88600e-01
2984 	 7.89900e-01
2985 	 7.89500e-01
2986 	 7.90300e-01
2987 	 7.90500e-01
2988 	 7.90500e-01
2989 	 7.90300e-01
2990 	 7.89700e-01
2991 	 7.90500e-01
2992 	 7.90700e-01
2993 	 7.90500e-01
2994 	 7.90700e-01
2995 	 7.90100e-01
2996 	 7.90900e-01
2997 	 7.90100e-01
2998 	 7.89700e-01
2999 	 7.90700e-01
3000 	 7.89900e-01
